OTUs	"BKF01"	"BKF02"	"BKF03"	"BKF13"	"BKF14"	"BKF15"
"OTU_1"	411	406	469	299	232	534
"OTU_2"	313	388	322	245	148	249
"OTU_3"	470	394	172	169	76	351
"OTU_4"	0	0	0	384	266	471
"OTU_5"	0	0	0	346	268	460
"OTU_6"	225	210	180	120	80	153
"OTU_7"	0	0	0	417	64	463
"OTU_8"	165	97	60	195	163	226
"OTU_9"	199	217	160	118	83	126
"OTU_10"	69	165	106	166	122	254
"OTU_11"	151	160	170	111	62	170
"OTU_12"	197	297	191	0	0	0
"OTU_13"	175	307	200	0	0	0
"OTU_14"	167	275	202	0	0	0
"OTU_15"	0	0	0	207	143	277
"OTU_16"	34	36	0	165	114	272
"OTU_17"	310	178	110	0	0	0
"OTU_18"	161	261	164	0	0	0
"OTU_19"	0	0	7	0	39	534
"OTU_20"	0	0	0	210	123	211
"OTU_21"	0	0	0	185	82	218
"OTU_22"	0	0	0	125	64	238
"OTU_23"	83	191	11	61	33	31
"OTU_24"	98	43	55	63	0	150
"OTU_25"	0	0	0	120	40	234
"OTU_26"	71	82	84	45	29	66
"OTU_27"	0	29	19	0	31	298
"OTU_28"	0	0	0	123	93	122
"OTU_29"	157	83	94	0	0	0
"OTU_30"	105	122	72	0	0	0
"OTU_31"	90	128	81	0	0	0
"OTU_32"	103	23	40	63	14	55
"OTU_33"	0	0	0	60	12	211
"OTU_34"	0	0	0	101	58	117
"OTU_35"	23	3	0	43	11	190
"OTU_36"	0	0	0	102	49	111
"OTU_37"	0	0	0	80	56	125
"OTU_38"	62	97	71	10	2	13
"OTU_39"	36	34	25	24	10	120
"OTU_40"	39	47	15	56	0	88
"OTU_41"	51	74	23	27	13	53
"OTU_42"	0	0	15	0	27	199
"OTU_43"	56	40	38	27	17	51
"OTU_44"	157	0	0	35	10	25
"OTU_45"	48	173	0	0	0	0
"OTU_46"	0	0	0	0	87	130
"OTU_47"	179	14	0	0	11	0
"OTU_48"	0	0	0	49	70	80
"OTU_49"	87	17	0	68	0	16
"OTU_50"	108	47	30	0	0	0
"OTU_51"	85	68	0	0	5	24
"OTU_52"	55	67	54	0	0	0
"OTU_53"	0	0	0	0	0	170
"OTU_54"	70	46	0	17	0	33
"OTU_55"	0	0	0	46	60	59
"OTU_56"	67	26	71	0	0	0
"OTU_57"	77	69	15	0	0	0
"OTU_58"	59	47	54	0	0	0
"OTU_59"	0	109	50	0	0	0
"OTU_60"	0	0	158	0	0	0
"OTU_61"	0	0	18	51	34	47
"OTU_62"	15	0	6	40	28	56
"OTU_63"	0	0	0	51	31	61
"OTU_64"	0	0	0	35	47	60
"OTU_65"	57	53	30	0	0	0
"OTU_66"	27	0	13	63	0	36
"OTU_67"	0	0	0	62	0	76
"OTU_68"	0	0	0	45	32	59
"OTU_69"	9	10	11	22	8	72
"OTU_70"	55	38	35	0	0	0
"OTU_71"	8	2	8	86	5	19
"OTU_72"	27	95	0	0	0	0
"OTU_73"	31	0	32	0	37	20
"OTU_74"	0	0	0	56	9	55
"OTU_75"	50	37	32	0	0	0
"OTU_76"	39	46	34	0	0	0
"OTU_77"	75	38	0	0	0	0
"OTU_78"	49	43	18	0	0	0
"OTU_79"	56	15	19	6	5	5
"OTU_80"	31	43	30	0	0	0
"OTU_81"	21	44	39	0	0	0
"OTU_82"	5	6	10	27	33	23
"OTU_83"	0	0	0	25	0	79
"OTU_84"	0	0	0	19	0	84
"OTU_85"	0	0	0	14	26	59
"OTU_86"	16	23	8	24	12	13
"OTU_87"	0	0	0	31	9	56
"OTU_88"	0	0	0	94	0	0
"OTU_89"	0	0	0	31	0	59
"OTU_90"	19	13	50	0	0	7
"OTU_91"	48	16	0	8	7	8
"OTU_92"	0	0	0	18	30	39
"OTU_93"	0	0	0	27	0	58
"OTU_94"	0	0	0	21	18	44
"OTU_95"	27	16	16	0	0	21
"OTU_96"	24	15	4	5	13	19
"OTU_97"	26	31	19	0	0	0
"OTU_98"	34	29	12	0	0	0
"OTU_99"	0	0	75	0	0	0
"OTU_100"	30	22	12	10	0	0
"OTU_101"	21	34	19	0	0	0
"OTU_102"	0	32	7	0	0	29
"OTU_103"	0	0	0	0	0	68
"OTU_104"	0	0	0	0	0	68
"OTU_105"	9	0	14	17	0	27
"OTU_106"	0	38	28	0	0	0
"OTU_107"	0	0	0	32	0	34
"OTU_108"	0	0	0	0	0	66
"OTU_109"	34	30	0	0	0	0
"OTU_110"	6	0	0	23	0	34
"OTU_111"	0	0	0	63	0	0
"OTU_112"	0	0	0	12	0	51
"OTU_113"	0	0	0	0	11	52
"OTU_114"	0	0	0	0	0	63
"OTU_115"	0	0	0	61	0	0
"OTU_116"	0	0	0	28	0	32
"OTU_117"	0	0	0	10	0	50
"OTU_118"	0	0	0	0	0	59
"OTU_119"	0	12	0	0	30	16
"OTU_120"	0	5	0	18	5	30
"OTU_121"	0	0	0	0	0	58
"OTU_122"	0	0	0	0	0	57
"OTU_123"	0	0	0	0	0	57
"OTU_124"	21	33	2	0	0	0
"OTU_125"	10	17	29	0	0	0
"OTU_126"	0	30	26	0	0	0
"OTU_127"	0	0	10	0	0	46
"OTU_128"	0	0	0	30	0	25
"OTU_129"	0	0	0	0	32	23
"OTU_130"	27	27	0	0	0	0
"OTU_131"	0	17	22	10	0	5
"OTU_132"	5	0	0	14	0	34
"OTU_133"	0	0	0	10	0	43
"OTU_134"	0	0	0	0	0	53
"OTU_135"	11	8	0	10	8	15
"OTU_136"	0	0	0	28	0	24
"OTU_137"	0	0	0	28	0	24
"OTU_138"	36	0	0	15	0	0
"OTU_139"	0	0	0	0	0	51
"OTU_140"	0	0	0	19	0	31
"OTU_141"	0	0	0	19	7	24
"OTU_142"	0	48	0	0	0	0
"OTU_143"	0	0	0	17	0	30
"OTU_144"	0	23	0	0	4	19
"OTU_145"	0	0	0	0	0	46
"OTU_146"	20	10	15	0	0	0
"OTU_147"	17	0	28	0	0	0
"OTU_148"	0	0	0	0	0	45
"OTU_149"	0	0	0	0	0	45
"OTU_150"	23	11	10	0	0	0
"OTU_151"	0	0	0	15	0	29
"OTU_152"	0	0	0	6	7	31
"OTU_153"	0	43	0	0	0	0
"OTU_154"	0	10	9	0	22	2
"OTU_155"	0	0	42	0	0	0
"OTU_156"	0	0	0	0	0	42
"OTU_157"	0	0	0	10	4	27
"OTU_158"	16	9	0	6	0	9
"OTU_159"	0	7	0	18	0	15
"OTU_160"	0	0	0	14	0	26
"OTU_161"	8	13	11	0	7	0
"OTU_162"	0	0	0	9	8	22
"OTU_163"	0	30	8	0	0	0
"OTU_164"	0	0	0	12	0	26
"OTU_165"	37	0	0	0	0	0
"OTU_166"	0	0	0	19	0	18
"OTU_167"	0	0	0	9	0	28
"OTU_168"	15	0	0	0	0	21
"OTU_169"	5	6	0	11	4	10
"OTU_170"	0	0	0	0	0	36
"OTU_171"	18	0	17	0	0	0
"OTU_172"	0	35	0	0	0	0
"OTU_173"	0	35	0	0	0	0
"OTU_174"	0	0	0	15	0	19
"OTU_175"	0	0	10	6	0	16
"OTU_176"	0	0	0	15	0	17
"OTU_177"	0	0	0	12	0	20
"OTU_178"	0	0	0	8	10	14
"OTU_179"	0	0	0	0	0	32
"OTU_180"	0	0	0	0	0	32
"OTU_181"	31	0	0	0	0	0
"OTU_182"	5	14	12	0	0	0
"OTU_183"	0	0	0	0	30	0
"OTU_184"	29	0	0	0	0	0
"OTU_185"	0	20	9	0	0	0
"OTU_186"	0	15	14	0	0	0
"OTU_187"	0	0	0	16	0	13
"OTU_188"	0	0	0	14	0	15
"OTU_189"	0	28	0	0	0	0
"OTU_190"	0	0	0	7	0	21
"OTU_191"	14	6	0	6	0	0
"OTU_192"	0	17	9	0	0	0
"OTU_193"	0	0	0	0	14	12
"OTU_194"	0	0	0	0	0	26
"OTU_195"	0	12	13	0	0	0
"OTU_196"	0	0	0	14	0	11
"OTU_197"	14	0	0	0	10	0
"OTU_198"	6	13	4	0	0	0
"OTU_199"	0	7	3	0	13	0
"OTU_200"	0	0	22	0	0	0
"OTU_201"	0	0	0	0	22	0
"OTU_202"	0	0	0	0	0	22
"OTU_203"	0	0	0	0	0	22
"OTU_204"	13	8	0	0	0	0
"OTU_205"	0	0	0	10	0	11
"OTU_206"	20	0	0	0	0	0
"OTU_207"	0	20	0	0	0	0
"OTU_208"	0	0	20	0	0	0
"OTU_209"	0	0	0	12	0	8
"OTU_210"	0	0	0	10	0	10
"OTU_211"	0	0	0	0	0	20
"OTU_212"	0	0	0	0	0	20
"OTU_213"	12	0	7	0	0	0
"OTU_214"	8	11	0	0	0	0
"OTU_215"	8	11	0	0	0	0
"OTU_216"	0	19	0	0	0	0
"OTU_217"	0	0	0	19	0	0
"OTU_218"	4	0	7	0	0	7
"OTU_219"	0	0	0	0	0	18
"OTU_220"	0	0	0	0	7	10
"OTU_221"	10	0	6	0	0	0
"OTU_222"	0	0	16	0	0	0
"OTU_223"	0	0	16	0	0	0
"OTU_224"	0	0	0	0	0	16
"OTU_225"	0	10	5	0	0	0
"OTU_226"	0	0	0	15	0	0
"OTU_227"	0	0	0	0	12	3
"OTU_228"	0	0	0	0	0	15
"OTU_229"	0	0	0	0	0	15
"OTU_230"	8	6	0	0	0	0
"OTU_231"	0	14	0	0	0	0
"OTU_232"	0	0	0	14	0	0
"OTU_233"	9	0	4	0	0	0
"OTU_234"	0	6	7	0	0	0
"OTU_235"	0	0	13	0	0	0
"OTU_236"	0	0	6	7	0	0
"OTU_237"	0	0	0	4	0	9
"OTU_238"	0	0	0	0	0	13
"OTU_239"	0	0	0	0	0	13
"OTU_240"	12	0	0	0	0	0
"OTU_241"	0	12	0	0	0	0
"OTU_242"	0	6	6	0	0	0
"OTU_243"	0	6	6	0	0	0
"OTU_244"	0	4	8	0	0	0
"OTU_245"	0	0	0	0	0	12
"OTU_246"	0	0	0	0	0	12
"OTU_247"	0	0	0	0	0	12
"OTU_248"	6	0	0	0	5	0
"OTU_249"	6	5	0	0	0	0
"OTU_250"	0	11	0	0	0	0
"OTU_251"	0	11	0	0	0	0
"OTU_252"	0	0	2	0	2	7
"OTU_253"	0	0	0	11	0	0
"OTU_254"	0	0	0	0	0	11
"OTU_255"	0	0	0	0	0	11
"OTU_256"	0	0	0	0	0	11
"OTU_257"	0	0	0	0	0	11
"OTU_258"	10	0	0	0	0	0
"OTU_259"	0	4	0	0	0	6
"OTU_260"	0	0	0	4	0	6
"OTU_261"	0	0	0	0	0	10
"OTU_262"	0	0	0	0	0	10
"OTU_263"	0	0	0	0	0	10
"OTU_264"	4	0	5	0	0	0
"OTU_265"	0	0	9	0	0	0
"OTU_266"	0	0	0	9	0	0
"OTU_267"	0	0	0	0	9	0
"OTU_268"	0	0	0	0	0	9
"OTU_269"	8	0	0	0	0	0
"OTU_270"	8	0	0	0	0	0
"OTU_271"	0	0	4	0	4	0
"OTU_272"	0	0	0	0	0	8
"OTU_273"	7	0	0	0	0	0
"OTU_274"	0	7	0	0	0	0
"OTU_275"	0	7	0	0	0	0
"OTU_276"	0	0	0	0	7	0
"OTU_277"	0	0	0	0	0	7
"OTU_278"	0	0	0	0	0	7
"OTU_279"	0	0	0	0	0	7
"OTU_280"	0	0	0	0	0	7
"OTU_281"	0	6	0	0	0	0
"OTU_282"	0	0	0	0	6	0
"OTU_283"	5	0	0	0	0	0
"OTU_284"	5	0	0	0	0	0
"OTU_285"	0	5	0	0	0	0
"OTU_286"	0	5	0	0	0	0
"OTU_287"	0	5	0	0	0	0
"OTU_288"	0	0	0	0	5	0
"OTU_289"	0	0	0	0	0	5
"OTU_290"	0	0	0	0	0	5
"OTU_291"	4	0	0	0	0	0
"OTU_292"	0	0	4	0	0	0
"OTU_293"	0	0	0	4	0	0
"OTU_294"	0	0	0	0	4	0
"OTU_295"	0	0	0	0	0	4
"OTU_296"	3	0	0	0	0	0
"OTU_297"	0	3	0	0	0	0
"OTU_298"	0	0	0	0	0	3
"OTU_299"	0	0	0	0	0	3
"OTU_300"	0	2	0	0	0	0
"OTU_301"	0	2	0	0	0	0
"OTU_302"	0	0	2	0	0	0
"OTU_303"	0	0	0	2	0	0
"OTU_304"	0	0	0	2	0	0
